初始样例为: 
n = 5
prices = [ 11 11 12 12 13 ]
repairCost = [ 5 6 8 11 18 ]
构造出的邻接矩阵为: 
              0             16             22             30             41             59
     2147483647              0             16             22             30             41
     2147483647     2147483647              0             17             23             31
     2147483647     2147483647     2147483647              0             17             23
     2147483647     2147483647     2147483647     2147483647              0             18
     2147483647     2147483647     2147483647     2147483647     2147483647              0
最短时间为: 53
购进新设备的时间为: 1 3 
